010101
010102
010103
010104
010105
010106
010201
010202
010203
010204
010205
010206
010207
010208
010208.01
010209
010210
010211
010212
010213
010214
010215
010216
010216.01
010217
010218
010219
010220
010221
010301
010302
010303
010304
010305
010306
010307
010308
010309
010310
010311
010312
010401
010402
010403
010404
010405
010406
010407
010408
010409
010501
010502
010503
010504
010505
010505.01
010506
010507
010508
010601
010602
010603
010604
010605
010606
010607
010608
010701
010702
010703
010704
010705
010706
010707
010708
010709
010710
010711
010713
010801
010802
011714
02.01
02.02
02.04
02.05
02.06
02.08
02.09
020101
020102
020103
020104
020105
020106
020107
020108
020109
020110
020111
020112
020201
020202
020203
020204
020205
020206
020301
020302
020303
020304
020305
020306
020401
020402
020403
020404
020405
020406
020406.01
020406.02
020407
020501
020502
020503
020601
020602
020604
020605
020606
020701
020702
020703
020704
020705
020801
020802
020803
020804
020901
020902
020904
020905
020906
020907
020913
020914
020915
03.01
03.02
03.05
03.06
030101
030102
030103
030104
030105
030106
030107
030108
030109
030110
030201
030202
030203
030204
030205
030206
030207
030208
030209
030210
030211
030212
030301
030302
030303
030304
030305
030306
030401
030402
030403
030404
030405
030406
030407
030408
030409
030410
030411
030412
030413
030414
030415
030416
030417
030501
030502
030503
030504
030505
030506
030507
030508
030509
030510
030511
030512
030513
030514
030515
030516
030517
030518
030519
030520
030521
030522
030523
030601
030602
030603
030604
030605
030606
030607
030608
030609
030610
030701
030702
030703
030704
030705
030706
030707
030707.01
030708
030709
030710
030711
030712
030801
030802
030803
030804
030805
030806
030807
030808
030809
030810
030811
030901
030902
030903
030904
030905
030906
030906.01
030907
030908
031001
031002
031003
031004
031005
031006
031007
031008
031009
031101
031102
031103
031104
031105
031201
031202
031203
031204
031205
031206
031209
031301
031302
031303
031304
031305
031306
031307
031308
031309
031310
031311
031312
031313
031314
031315
031401
031402
031403
04.01.01
04.01.02
04.01.03
04.01.04
04.01.05
04.01.06
04.01.07
04.01.08
04.01.09
04.01.10
04.01.11
04.01.12
04.02.01
04.02.02
04.02.03
04.02.04
04.02.05
04.03.03
04.03.04
04.04.01
04.04.02
04.04.03
04.04.04
04.04.07
04.04.09
04.04.10
04.04.11
04.04.12
040101
040102
040103
040104
040105
040106
040107
040108
040109
040110
040111
040201
040202
040301
05.01
05.05
05.06
050101
050102
050103
050201
050202
050203
050301
050302
050303
050304
050401
050402
050403
050404
050405
050406
050407
050408
050409
050410
050411
050412
050413
050501
050527
050528
06.02
06.03
06.04
060101
060102
060103
060104
060105
060106
060107
060108
060109
060110
060111
060111.06
060112
060113
060114
07.02
07.03
07.04
07.05
07.06
07.06.02
07.06.04
07.07
070101
070102
070103
070104
070105
070106
070108
070109
070110
070111
070112
070113
070114
070116
070117
070117.01
070117.02
070117.03
070118
070119
070120
070201
070202
070203
070204
070205
070206
070207
070208
070209
070210
070211
070213
070214
070301
070302
070304
070401
070403
070404
070405
070406
070407
070408
070409
070410
070412
070413
070501
070502
070504
070505
070601
070602
070604
070605
070606
070607
070608
070609
070610
070611
070612
070613
070614
070615
070616
070617
070617.01
070618
070619
070701
070703
070704
070705
070706
070708
070709
070711
070711.01
070712
070713
070714
070715
070716
070717
070717.01
070717.02
070804
070805
070806
070807
070808
070809
070901
070902
071001
071002
071101
071102
071103
077003
08.02
08.03
08.05
08.06
080101
080102
080103
080104
080105
080106
080107
080108
080109
080110
080111
080112
080112.02
080113
080114
080115
080116
080117
080201
080202
080203
080204
080205
080206
080206.01
080207
080208
080209
080210
080211
080212
080213
080214
080214.01
080216
080217
080218
080219
080220
080221
080222
080223
080225
080226
080301
080302
080303
080304
080304.01
080305
080306
080307
080308
080309
080310
080311
080312
080313
080314
080315
080401
080402
080403
080404
080405
080405.01
080406
080407
080408
080409
080410
080501
080502
080503
080504
080505
080506
080508
080509
080510
080511
080512
080513
080514
080515
080516
080517
080518
080519
080520
080521
080522
080523
080524
080524.01
080525
080526
080527
080528
080529
080530
080531
080532
080601
080602
080603
080604
080605
080606
080607
080608
080609
080610
080611
080612
080613
080614
080615
080616
080617
080618
080619
080620
080627
080701
080702
080703
080704
080705
080706
080707
080708
080709
080710
080711
080712
080713
080714
080715
080716
080717
080718
080719
080720
080722
080723
080724
080725
080726
080727
080801
080802
080803
080804
080805
080806
080807
080808
080901
080902
081001
081002
081003
09.01
09.02
09.03
09.04
09.05
09.06
090101
090102
090103
090104
090105
090106
090107
090108
10.01
10.02
10.03
10.04
10.05
10.06
10.08
10.09
10.10
10.11
10.12
10.13
10.14
10.15
10.16
100101
100102
100103
100104
100105
100106
100107
100108
100109
100110
100111
100112
100113
100114
100115
100116
100117
100118
100119
100120
100121
100122
100123
100124
100125
100126
100127
100128
100129
100201
100201.01
100202
100203
100204
100205
100206
100207
100208
100209
100210
100210.01
100211
100212
100213
100214
100215
100301
100302
100303
100304
100305
100306
100307
100307.01
100307.02
100401
100402
100403
100404
100405
100406
100407
100407.01
100407.02
100501
100502
100503
100504
100505
100506
100507
100508
100509
100510
100601
100602
100603
100604
100605
100606
100607
100701
100702
100703
100704
100705
100706
100707
100708
100709
100710
100711
101010
101101
101102
110101
110102
110103
110104
110105
110106
110201
110202
110203
110204
110205
110205.01
110206
110207
110208
110209
110210
110211
110212
110213
110214
110215
110216
110217
110219
110301
110302
110303
110304
110305
110306
110307
110308
110309
110310
110311
110312
110313
110314
110315
110316
110317
110318
110319
110401
110402
110403
110404
110405
110501
110502
110503
120201
120202
120203
120204
120301
120302
120303
120304
120305
120305.01
120401
120402
120402.01
120403
120404
120405
120406
120408
120409
120410
120410.99
120501
120502
120503
120504
120505
120601
120602
120603
120701
120702
120703
120704
120705
120706
120707
120708
120801
120901
120902
120903
121002
121002.01
121003
121004
121005
121011
121012
121014
121015
121101
121102
121103
121104
121105
121106
121107
121201
121202
121203
121204
121301
121302
121303
121304
121305
121306
121307
121308
121309
121401
121402
121403
121501
121502
121503
121504
121505
121506
121507
121508
121509
121601
121602
121603
121604
121605
121606
121607
121608
121609
121701
121702
121703
121704
121705
121706
121707
121708
121709
121710
121711
121712
121713
121714
121715
121716
121717
121718
121719
121720
121721
121722
121723
121724
121725
121728
121729
121741
121801
121802
121901
121902
121903
121904
121905
121906
121907
121908
121909
121910
121911
121912
121913
121914
121915
121916
121917
121918
121919
121920
121921
121922
121923
121924
121925
121926
121927
121928
121929
121930
121931
121932
121933
121934
121935
121936
121937
121938
121939
121940
121941
122001
122002
122003
122004
122005
122006
127407
130101
130102
130103
130104
130105
130106
130107
130108
130109
130110.01
130112
130113
130114
130115
130116
130117
130118
130119
130120
130121
130122
130123
130124
130125
130126
130201
130202
130203
130204
130205
130206
130207
130208
130209
130210
130211
130212
130214
130301
130302
130303
130304
130305
130306
132007
132008
132009
132010
140101
140102
140103
140104
140105
140106
140107
150101
150101.01
150101.02
150101.03
150102
150103
150104
150105
150106
150107
150108
150109
150110
150111
150112
150113
150114
150115
150116
150117
150118
150119
150120
150121
150122
150123
150124
150125
150126
150127
150128
150129
150130
150131
150201
150202
150311
150312
160101
160102
160103
160104
160105
170101
170101.01
170102
170103
170104
170105
170107
170108
170109
170110
170111
170112
170113
170114
170115
170116
170117
170118
170119
170120
170121
170122
170123
170124
170125
170126
170127
170128
170129
170130
170131
170132
170201
170202
170203
180101
180102
180103
180104
180106
180107
180109
180110
180111
180112
180113
180114
180116
180117
180118
180121
180122
180123
180124
180127
180128
180129
180130
180131
180133
180134
180135
180136
180201
180202
180203
180204
180209
180301
180302
180302.02
180302.03
180303
180304
180305
180306
180307
180309
180310
180311
180501
180502
180503
180504
180505
180506
180507
180508
180509
180510
180511
180512
180601
180601.01
180601.02
180602
180603
180604
180609
180610
180611
180612
180613
180614
180615
180616
180616.01
180617
180617.01
180619
180620
180621
180622
180623
180624
180625
180626
180701
180702
180702.01
180703
180705
180706
180709
180710
180711
180712
180713
180714
180715
180716
180717
180718
180719
180720
180721
180723
186613.03
187123
187151
190101
190102
190103
190104
200101
200102
200103
200104
200105
200106
200107
200108
200109
200110
200111
200112
200113
200114
200115
200116
200117
200118
200119
200121
200123
200125
200127.01
200127.02
200128
200129
200130
200131
200137
200139.02
200139.03
200140.01
200141
200142
200144
200145
200146
200147
200148
200202
200301
200401
200501
200502
200601
200602
200603
200701
200703
200705
206025
206030
206031
207124
207202
207203
207204
210101
210102
210103
210104
210105
210106
210107
210108
210109
210110
210201
210203
210204
210205
210206
210207
210208
220101
220102
220103
220104
220105
220106
220108
220109
220110
220110.01
220111
220112
220201
220202
220203
220204
220301
220401
230101
230102
230103
230104
230105
230106
230107
230108
230109
230110
230111
230112
230113
230114
230115
230116
230117
230118
230119
230120
230121
230122
230123
230124
230125
230126
230127
230128
230129
230130
230131
230132
230133
230134
230135
230136
230137
230138
230139
230140
230141
230142
230143
230144
230145
230146
230147
230148
230149
230150
230151
230152
230153
230154
230155
230156
230157
230158
230159
230160
230161
230162
230163
230164
230165
230166
230167
230168
230169
230170
230171
230172
230173
230174
230175
230176
230177
230178
230179
230180
230181
230182
230183
230184
230185
230186
230187
230188
230189
230190
230191
230192
230193
230194
230195
230196
230197
230198
230199
230201
230202
230203
230204
230205
230206
230207
230208
230209
230210
230211
230212
230213
230214
230215
230216
230217
230218
230219
230220
230221
230222
230223
230224
230225
230226
230227
230228
230229
230230
230231
230232
230233
230235
230236
230237
240101
240102
240102.01
240103
240104
240105
240106
240107
240108
240110
240111
240112
240113
240114
240115
240116
240117
240118
240119
240120
240121
240122
240170
240201
241004
241005
241006
241007
241009
241101
241102
241105
241201
241202
241203
250101
250102
250103
250104
250104.03
250105
250107
250108
250109
250110
250111
250112
250113
250114
250115
257106
260101
260102
260103
260104
260105
260106
260107
260108
260109
260110
260111
260112
260113
260114
260115
260116
260117
260118
260119
260120
260121
260122
260123
260124
260125
260126
260127
260128
260129
260130
260131
260132
260133
260134
260135
260136
260137
260138
260139
260157
260158
260159
260160
260161
260162
260201
260203
260204
260205
260206
260207
260208
260210
260211
260212
260213
260213.01
260214
260215
260216
260217
260218
260219
260220
260221
260222
260223
260224
260231
260232
260233
260234
260235
260236
260237
260238
260261
260265
260267
260268
260301
260302
260303
260304
260305
260306
260307
260308
260309
260310
260311
260312
260313
260314
260315
260316
260317
260318
260319
260320
260321
260322
260323
260324
260325
260326
260327
260328
260329
260330
260331
260332
260333
260334
260335
260336
260337
260338
260401
260402
260403
260404
260405
260406
260407
260408
260409
260410
260411
260412
260413
260414
260501
260503
260504
260505
260506
260507
260508
260510
260511
260512
260513
260514
260515
260516
260517
260518
260519
260520
260521
260522
260523
260524
260525
260526
260527
260528
260528.01
260529
260531
260532
260533
260534
260535
260536
260537
260538
260539
260540
270101
270102
270103
270104
270105
270201
270202
270203.01
270204
270205
280101
280102
280103
280104
280105
280107
280108
280109
280110
280111
280112
280113
280114
280115
280116
280117
280118
280119
280120
280121
280122
280201
280301
280401
290101
290102
290103
290104
290105
290106
290107
290108
290109
290110
290111
290112
290113
290114
290115
290116
290117
290118
290119
290120
290201
290202
290203
290204
290205
290206
290207
290207.01
290207.02
290208
290208.01
290209
290210
290211
290212
290212.01
300101
300102
300104
300105
300106
300107
300108
300109
300110
300111
300112
300113
300113.01
300114
300115
300116
300117
300118
300119
300120
300120.01
300121
300122
300123
300201
300202
300204
300205
300211.30
300211.31
310101
310102
310103
310104
310105
310107
310108
310109
310110
310111
310111.01
310112
310113
310114
310115
310115.01
310116
310117
310118
310119
310120
310121
310122
310123
310124
310125
310126
310127
310128
310129
310130
310131
310132
310133
310134
310135
310136
320104
330101
330101.01
330102
330103
330106
330107
330109
330110
330111
330112
330113
330301
330302
330303
330304
339017
340101
340102
340103
340201
340202
340203
340204
340205
340207
340208
340209
340210
340211
340212
340213
340214
340216
340218
340219
340220
340221
340222
340224
340301
340302
340303
340304
340401
340402
340403
340404
340405
340406
340407
340408
340409
340411
340412
340413
340414
340415
340416
340418
340419
340420
340421
340422
340423
340424
340425
340501
340502
340503
340504
340505
340507
340508
340509
340510
340601
340602
340603
340604
340605
340606
340607
340608
340609
340610
340610.10
340611
340612
340615
340701
340702
340703
340704
340705
340706
340801
340802
340803
340804
340805
340806
340807
340808
340809
340810
340811
340812
340814
340816
340818
340820
340822
340901
340902
340903
340904
341001
341002
341004
341004.01
341005
341005.01
341006
341006.01
341007
341007.01
341008
341008.04
341009
341009.01
341010
341010.05
341011
341011.01
341013
341014
341014.01
341014.02
341018.1
341019.01
341019.02
341019.03
341019.04
341019.05
341019.06
341019.07
341019.08
341019.09
341019.100
341020.100
341021
341022
341023
341024
341025
341026
341027
341028
341031
341032
341033
341033.01
341034
341101
341128
341129
341130
341131
341132
341133
341134
341135
341136
341137
341138
341139
341201
341202
341203
341301
341302
341303
341304
341305
341306
341307
341308
341309
341310
341311
341312
341313
341314
341315
341316
341317
341318
341319
341320
341321
341322
341323
341324
341325
341327
341341
341343
341345
341347
341350
341351
341366
341367
341368
341368.01
341370
341371
341372
341373
341401
341402
341403
341404
341405
341406
341407
341410.01
341501
341502
341503
341504
341505
341506
341507
341508
341509
341510
341511
341512
341513
341514
341515
341516
341517
341518
341519
341520
341521
341522
341523
341524
341525
341528
341529
341530
341531
341532
341533
341534
341535
341536
341537
341538
341539
341540
341541
341542
341543
341544
341601
341602
341603
341604
341605
341606
341607
341701
341702
341703
341704
342001
342001.01
342001.02
342001.03
342002
342005
342008
342008.01
342009
342009.01
342010
342010.01
342011
342011.01
342012
342012.01
342013
342013.01
342013.02
342013.03
342014
342015
342016
342016.01
342017
342017.01
342018
342018.01
342019
342019.01
342020
342022
342023
342024
342024.01
342025
342026
342026.01
342026.02
342027
342028
342031
342031.01
342032
342032.01
342033
342033.01
342034.02
342034.03
342035
342036
342036.01
342037.02
342037.03
342038
342038.01
342040
342040.01
342040.02
342040.03
342040.04
342045
342045.01
342048
342050
342056
342057
342060
342064
342065
342101.01
342102
342103
342104
342105
342106
342107
342115
342120
342122
342124
350101
350102
350204
350205
350301
350305
350310
350311
350312
350313
350314
350315
360101
360102
360103
360104
360105
360106
360107
360108
360111
360112
360113
360114
360115
360116
360116.01
360117
360118
360119
360120
360201
360204
380101
380201
390101
390102
400108
420101.139
420101.142
430101
430106
430109
430112
430113
430115
430119
430123
430201
430202
430301
430303
430304
430305
430306
430307
430308
430401
430801
430802
430803
431001
431002
431106
431107
431108
431110
433010
435011
435012
435018
435019
435020
450101
460102
460104
460105
460106
460109
460110
460111
460112
460113
460114
460115
460116
460119
460120
460121
460123
460124
460126
460127
460128
460129
460132
460134
460135
460136
460137
460138
460139
460140
460142
460142.01
460143
460144
460145
460146
460148
460149
460150
460151
460154
460155
460156
460157
460158
460159
460160
460161
460201
460202
460203
460204
460206
460207
460208
460209
460210
460213
460214
460216
460301
460302
460303
460305
460306
460307
460308
460309
460311
460325
460327
460328
460329
460332
460333
460401
460401.01
460402
460404
460405
460406
460407
460501
460502
460603
460604
460605
460606
460608
460609
460610
460702
460703
460704
460706
460707
460708
460712
460801
460802
460803
460804
460805
461001
461002
461003
461004
461005
461101
461102
461103
461104
461105
461201
461203
461204
461205
461206
461207
461208
461210
461211
461212
461213
461214
461304
461306
461307
461308
461309
461311
461313
461314
461403
461404
507322
660001
660001.01
660002
660003
660004
660005
660006
660007
660008
660009
660009.01
660010
660010.01
660011
660012
660013
660014
660015
660015.01
660016
660017
660018
660019
660020
660021
660022
660023
660024
660025
660026
660027
660028
660029
660030
660031
660032
660033
660034
660035
660036
660037
660038
660039
660040
660041
660042
660043
660044
660045
660046
660047
660048
660049
660050
660051
660052
660053
660053.01
660054
660055
660056
660057
660058
660059
660060
660061
660062
660063
660064
660101
660102
660103
660104
660105
660106
660107
660108
660109
660110
660111
660112
660113
660114
660120
660121
660130
660131
660132
660133
660134
660135
660136
660137
660138
660139
660140
660141
660142
660143
660144
660145
660146
660147
660148
660149
660150
660151
660152
660153
660154
660155
660156
660157
660158
660159
660160
660161
660162
660163
660164
660165
660166
660167
660168
660169
660170
660171
660172
660173
660174
660175
660176
660177
660178
660179
660180
660181
660182
660183
660183.01
660184
660185
660186
660187
660188
660189
660190
660191
660192
660193
660194
660195
660196
660197
660241
660242
660243
660244
660245
660245.01
660261
660262
660263
660264
660264.01
660265
660265.01
660266
660267
660268
660269
660270
660271
660272
660291
660292
660293
660294
660295
660296
660297
660298
660299
660300
660301
660302
660303
660304
660305
660306
660307
660308
660309
660331
660332
660333
660334
660335
660336
660337
660338
660339
660340
660341
660342
660343
660344
660345
660346
660347
660348
660349
660350
660351
660352
660353
660354
660355
660356
660357
660358
660359
660360
660361
660362
660363
660364
660365
660366
660367
660368
660369
660370
660371
660372
660373
660374
660401
660402
660403
660404
660405
660406
660407
660408
660408.01
660409
660410
660411
660412
660413
660414
660415
660416
660417
660417.01
660418
660419
660420
660421
660422
660423
660424
660425
660426
660428
660429
660430
660431
660432
660433
660461
660462
660463
660464
660465
660466
660467
660468
660469
660470
660471
660472
660473
660474
660475
660476
660477
660478
660479
660480
660481
660482
660483
660484
660484.01
660485
660486
660487
660488
660489
660490
660491
660492
660493
660494
660531
660532
660533
660534
660535
660536
660537
660538
660539
660540
660541
660542
660543
660544
660545
660546
660547
660548
660571
660572
660573
660574
660591
660592
660593
660594
660595
660596
660597
660598
660599
660600
660600.01
660601
660602
660603
660604
660605
660606
660607
660608
660609
660610
660611
660612
660613
660614
660615
660616
660617
660618
660619
660620
660621
660622
660623
660624
660651
660652
660653
660654
660655
660656
660657
660658
660659
660660
660661
660662
660663
660664
660665
660667
660668
660669
660670
660671
660672
660673
660674
660675
660676
660684
660695
660696
660702
660711
660712
660713
660714
660715
660716
660732
660733
660734
660735
660736
660737
660738
660739
660740
660741
660742
660743
660744
660745
660746
660747
660748
660749
660750
660751
660752
660753
660754
660755
660756
660757
660758
660759
660760
660761
660762
660763
660764
660765
660766
660767
660768
660769
660770
660771
660772
660801
660811
660812
660813
660814
660815
660816
660817
660818
660819
660820
660831
660832
660833
660834
660835
660836
660837
660838
660839
660840
660841
660842
660843
660844
660845
660846
660847
660848
660861
660862
660863
660864
660865
660866
660867
660868
660869
660870
660871
660872
660873
660874
660875
660876
660877
660878
660879
660880
660881
660882
660883
660884
660885
660886
660887
660901
660902
660903
660904
660905
660906
660907
660908
660909
660910
660911
660923
660931
660932
660933
660934
660935
660936
660937
660938
660939
660940
660941
660952
660953
660954
660971
660981
660982
661000
661005
661010
661011
661015
661020
661025
661030
661035
661040
661045
661050
661055
661060
661065
661070
661075
661080
661085
661086
661090
661095
661100
661105
661110
661115
661120
661125
661130
661134
661135
661136
661137
661140
661142
661145
661150
661155
661160
661165
661170
661175
661180
661185
661190
661195
661196
662008
662009
662011
662017
662025
662034
662042
662051
662059
662068
662085
662093
662102
662111
662119
662120
662128
662136
662153
662162
662170
662179
662181
662182
662183
662184
662187
662205
662222
662236
662239
662247
662252
662256
662264
662273
662277
662281
662296
662299
662307
662316
662328
662330
662341
662346
662350
662358
662367
662375
662379
662393
662401
662405
662410
662417
662418
662427
662435
662444
662446
662448
662452
662461
662469
662495
662508
662521
662538
662547
662555
662559
662561
662563
662572
662587
662589
662591
662598
662606
662620
662623
662624
662627
662630
662649
662657
662666
662675
662688
662700
662704
662706
662708
662709
662712
662713
662717
662730
662734
662739
662743
662745
662749
662751
662769
662780
662782
662790
662803
662810
662811
662815
662820
662822
662834
662837
662846
662850
662852
662854
662858
662863
662873
662888
662896
662897
662912
662914
662925
662927
662931
662945
662963
662965
662980
662982
662984
663016
663025
663034
663042
663051
663056
663062
663065
663067
663068
663076
663085
663093
663102
663110
663119
663120
663128
663136
663141
663143
663145
663147
663153
663158
663159
663162
663170
663179
663187
663190
663213
663230
663239
663247
663254
663257
663259
663262
663264
663273
663290
663292
663307
663310
663316
663318
663320
663324
663333
663350
663362
663375
663384
663392
663401
663427
663430
663435
663440
663443
663446
663461
663463
663478
663495
663504
663512
663521
663528
663529
663538
663543
663546
663563
663571
663572
663576
663581
663582
663585
663586
663589
663591
663598
663606
663609
663623
663632
663640
663649
663650
663651
663657
663666
663674
663683
663717
663720
663722
663725
663734
663751
663756
663760
663762
663786
663788
663814
663820
663828
663837
663845
663854
663860
663862
663871
663880
663888
663890
663905
663910
663922
663926
663939
663948
663953
663955
663960
663964
663969
663970
663971
663972
663973
663974
663976
663977
663978
663978.01
663982
663994
663996
664002
664008
664012
664033
664035
664050
664059
664068
664076
664085
664093
664102
664105
664106
664110
664119
664125
664132
664134
664136
664141
664143
664144
664145
664146
664147
664150
664155
664160
664165
664187
664190
664196
664204
664213
664221
664230
664240
664256
664264
664266
664290
664307
664315
664324
664333
664340
664350
664361
664363
664365
664367
664369
664370
664375
664384
664387
664388
664392
664418
664435
664444
664452
664461
664469
664478
664503
664512
664521
664529
664546
664549
664563
664566
664580
664583
664590
664600
664615
664623
664632
664640
664648
664649
664652
664666
664668
664674
664677
664682
664691
664700
664709
664717
664726
664728
664734
664738
664743
664749
664751
664755
664760
664768
664775
664777
664778
664785
664793
664811
664823
664825
664827
664838
664845
664846
664854
664858
664860
664862
664868
664878
664879
664888
664889
664897
664905
664914
664922
664923
664930
664931
664939
664941
664942
664949
664964
664965
664971
664978
664982
664985
664999
665008
665016
665033
665043
665050
665053
665055
665059
665067
665076
665077
665085
665093
665102
665116
665119
665127
665132
665136
665144
665204
665213
665222
665230
665238
665247
665255
665258
665265
665273
665281
665290
665298
665300
665307
665319
665324
665332
665335
665349
665375
665378
665392
665393
665409
665412
665424
665426
665428
665443
665452
665461
665465
665469
665472
665478
665486
665494
665503
665508
665512
665520
665529
665533
665537
665541
665546
665555
665563
665576
665583
665589
665597
665606
665621
665632
665640
665642
665644
665649
665666
665674
665685
665687
665691
665694
665708
665715
665724
665726
665743
665751
665760
665768
665777
665780
665785
665787
665789
665791
665794
665797
665802
665811
665820
665828
665837
665845
665854
665868
665871
665879
665888
665896
665905
665914
665931
665939
665945
665956
665965
665973
665982
665990
665993
666008
666011
666016
666019
666028
666034
666037
666038
666040
666042
666050
666059
666067
666076
666084
666093
666096
666098
666100
666110
666113
666117
666118
666120
666136
666144
666153
666161
666170
666173
666183
666187
666196
666204
666209
666211
666213
666222
666225
666238
666247
666255
666264
666272
666275
666278
666281
666284
666290
666300
666303
666307
666332
666337
666341
666401
666409
666426
666443
666445
666452
666455
666486
666529
666533
666537
666540
666554
666560
666570
666572
666585
666587
666589
666597
666600
666602
666606
666614
666634
666640
666648
666652
666657
666666
666674
666676
666691
666700
666708
666711
666713
666714
666717
666720
666722
666725
666728
666730
666732
666734
666742
666745
666751
666760
666768
666769
666788
666819
666845
666848
666850
666852
666856
666862
666871
666879
666888
666896
666898
666905
666912
666919
666923
666925
666930
666932
666936
666939
666947
666956
666958
666970
666975
666978
666982
666990
666999
667007
667010
667013
667022
667027
667059
667064
667076
667079
667093
667096
667099
667119
667127
667153
667170
667187
667210
667230
667235
667240
667242
667260
667262
667270
667271
667273
667274
667275
667278
667284
667289
667300
667304
667315
667319
667324
667338
667341
667343
667349
667353
667366
667375
667383
667392
667401
667409
667426
667435
667439
667440
667443
667449
667454
667460
667469
667477
667486
667489
667490
667495
667499
667503
667520
667527
667529
667537
667546
667550
667571
667580
667597
667606
667614
667621
667631
667636
667637
667640
667648
667657
667660
667669
667674
667691
667700
667708
667717
667725
667734
667736
667742
667751
667759
667768
667773
667775
667777
667785
667794
667802
667810
667828
667836
667840
667841
667845
667849
667853
667862
667871
667882
667905
667913
667919
667926
667939
667947
667964
667973
667982
667990
667999
668009
668011
668018
668024
668110
668115
668127
668135
668137
668139
668142
668144
668146
668149
668151
668153
668156
668158
668161
668170
668178
668187
668195
668204
668212
668221
668229
668238
668241
668250
668272
668274
668281
668284
668286
668289
668298
668304
668306
668315
668327
668332
668337
668348
668358
668366
668375
668379
668383
668385
668387
668393
668397
668400
668409
668418
668426
668435
668440
668446
668450
668460
668463
668464
668466
668467
668469
668486
668489
668493
668529
668537
668546
668554
668563
668571
668580
668584
668588
668597
668606
668614
668623
668627
668631
668640
668641
668648
668656
668682
668691
668710
668734
668768
668780
668783
668794
668800
668802
668813
668816
668819
668828
668836
668845
668853
668860
668870
668874
668878
668882
668888
668896
668905
668918
668930
668934
668939
668947
668954
668956
668964
668977
668982
668990
668999
669007
669016
669019
669026
669030
669032
669039
669041
669045
669054
669055
669058
669067
669076
669084
669093
669101
669102
669103
669104
669105
669110
669118
669120
669127
669129
669132
669135
669157
669161
669164
669170
669180
669187
669195
669204
669212
669223
669229
669238
669246
669255
669265
669270
669281
669293
669306
669309
669311
669314
669332
669349
669358
669366
669375
669383
669409
669417
669426
669434
669443
669460
669464
669477
669486
669490
669494
669503
669511
669514
669538
669561
669565
669571
669575
669580
669588
669591
669597
669622
669631
669633
669634
669637
669638
669639
669642
669644
669647
669649
669653
669657
669661
669672
669682
669691
669699
669703
669716
669725
669734
669735
669747
669759
669768
669780
669787
669790
669793
669810
669819
669828
669834
669846
669853
669858
669870
669879
669887
669896
669898
669905
669909
669913
669930
669939
669947
669960
669973
669978
669984
669987
669990
671024
800000
800001
800002
800003
800004
800005
800006
800007
800008
800009
800010
800011
800012
800013
800014
800015
800016
800017
800018
800019
800020
800021
800022
800023
800024
800025
800026
800027
800028
800029
800030
800031
800032
800033
800034
800035
800036
800037
800038
800039
800040
800041
800042
800043
800044
800045
800046
800047
800048
800049
800050
800051
800052
800053
800054
800055
800056
800057
800058
800059
800060
800061
800062
800063
800064
800065
800066
800067
800068
800069
800070
800071
800072
800073
800074
800075
800076
800077
800078
800079
800080
800081
800082
800083
800084
800085
800086
800087
800088
800089
800090
800091
800092
800093
800094
800095
800096
800097
800098
800099
800100
800101
800102
800103
800104
800105
800106
800107
800108
800109
800110
800111
800112
800113
800114
800115
800116
800117
800118
800119
800120
800121
800122
800123
800124
800125
800126
800127
800128
800129
800130
800131
800132
800133
800134
800135
800136
800137
800138
800139
800140
800141
800142
800143
800144
800145
800146
800147
800148
800149
800150
800151
800152
800153
800154
800155
800156
800157
800158
800159
800160
800161
800162
800163
800164
800165
800166
800167
800168
800169
800170
800171
800172
800173
800174
800175
800176
800177
800178
800179
800180
800181
800182
800183
800184
800185
800186
800187
800188
800189
800190
800191
800192
800193
800194
800195
800196
800197
800198
800199
800200
800201
800202
800203
800204
800205
800206
800207
800208
800209
800210
800211
800212
800213
800214
800215
800216
800217
800218
800219
800220
800221
800222
800223
800224
800225
800226
800227
800228
800229
800230
800231
800232
800233
800234
800235
800236
800237
800238
800239
800240
800241
800242
800243
800244
800245
800246
800247
800248
800249
800250
800251
800252
800253
800254
800255
800256
800257
800258
800259
800260
800261
800262
800263
800264
800265
800266
800267
800268
800269
800270
800271
800272
800273
800274
800275
800276
800277
800278
800279
800280
800281
800282
800283
800284
800285
800286
800287
800288
800289
800290
800291
800292
800293
800294
800295
800296
800297
800298
800299
800300
800301
800302
800303
800304
800305
800306
800307
800308
800309
800310
800311
800312
800313
800314
800315
800316
800317
800318
800319
800320
800321
800322
800323
800324
800325
800326
800327
800328
800329
800330
800331
800332
800333
800334
800335
800336
800337
800338
800339
800340
800341
800342
800343
800344
800345
800346
800347
800348
800349
800350
800351
800352
800353
800354
800355
800356
800357
800358
800359
800360
800361
800362
800363
800364
800365
800366
800367
800368
800369
800370
800371
800372
800373
800374
800375
800376
800377
800378
800379
800380
800381
800382
800383
800384
800385
800386
800387
800388
800389
800390
800391
800392
800393
800394
800395
800396
800397
800398
800399
800400
800401
800402
800403
800404
800405
800406
800407
800408
800409
800410
800411
800412
800413
800414
800415
800416
800417
800418
800419
800420
800421
800422
800423
800424
800425
800426
800427
800428
800429
800430
800431
800432
800433
800434
800435
800436
800437
800438
800439
800440
800441
800442
800443
800444
800445
800446
800447
800448
800449
800450
800451
800452
800453
800454
800455
800456
800457
800458
800459
800460
800461
800462
800463
800464
800465
800466
800467
800468
800469
800470
800471
800472
800473
800474
800475
800476
800477
800478
800479
800480
800481
800482
800483
800484
800485
800486
800487
800488
800489
800490
800491
800492
800493
800494
800495
800496
800497
800498
800499
800500
800501
800502
800503
800504
800505
800506
800507
800508
800509
800510
800511
800512
800513
800514
800515
800516
800517
800518
800519
800520
800521
800522
800523
800524
800525
800526
800527
800528
800529
800530
800531
800532
800533
800534
800535
800536
800537
800538
800539
800540
800541
800542
800543
800544
800545
800546
800547
800548
800549
800550
800551
800552
800553
800554
800555
800556
800557
800558
800559
800560
800561
800562
800563
800564
800565
800566
800567
800568
800569
800570
800571
800572
800573
800574
800575
800576
800577
800578
800579
800580
800581
800582
800583
800584
800585
800586
800587
800588
800589
800590
800591
800592
800593
800594
800595
800596
800597
800598
800599
800600
800601
800602
800603
800604
800605
800606
800607
800608
800609
800610
800611
800612
800613
800614
800615
800616
800617
800618
800619
800620
800621
800622
800623
800624
800625
800626
800627
800628
800629
800630
800631
800632
800633
800634
800635
800636
800637
800638
800639
800640
800641
800642
800643
800644
800645
800646
800647
800648
800649
800650
800651
800652
800653
800654
800655
800656
800657
800658
800659
800660
800661
800662
800663
800664
800665
800666
800667
800668
800669
800670
800671
800672
800673
800674
800675
800676
800677
800678
800679
800680
800681
800682
800683
800684
800685
800686
800687
800688
800689
800690
800691
800692
800693
800694
800695
800696
800697
800698
800699
800700
800701
800702
800703
800704
800705
800706
800707
800708
800709
800710
800711
800712
800713
800714
800715
800716
800717
800718
800719
800720
800721
800722
800723
800724
800725
800726
800727
800728
800729
800730
800731
800732
800733
800734
800735
800736
800737
800738
800739
800740
800741
800742
800743
800744
800745
800746
800747
800748
800749
800750
800751
800752
800753
800754
800755
800756
800757
800758
800759
800760
800761
800762
800763
800764
800765
800766
800767
800768
800769
800770
800771
800772
800773
800774
800775
800776
800777
800778
800779
800780
800781
800782
800783
800784
800785
800786
800787
800788
800789
800790
800791
800792
800793
800794
800795
800796
800797
800798
800799
800801
800802
800803
800804
800805
800806
800807
800808
800809
800810
800811
800812
800813
800814
800815
800816
800817
800818
800819
800820
800821
800822
800823
800824
800825
800826
800827
800828
800829
800830
800831
800832
800833
800834
800835
800836
800837
800838
800839
800840
800841
800842
800843
800844
800845
800846
800847
800848
800849
800850
800851
800852
800853
800854
800855
800856
800857
800858
800859
800860
800861
800862
800863
800864
800865
800866
800867
800868
800869
800870
800871
800872
800873
800874
800875
800876
800877
800878
800879
800880
800881
800882
800883
800884
800885
800886
800887
800888
800889
800890
800891
800892
800893
800894
800895
800896
800897
800898
800899
800900
800901
800902
800903
800904
800905
800906
800907
800908
800909
800910
800911
800912
800913
800914
800915
800916
800917
800918
800919
800920
800921
800922
800923
800924
800925
800926
800927
800928
800929
800930
800931
800932
800933
800934
800935
800936
800937
800938
800939
800940
800941
800942
800943
800944
800945
800946
800947
800948
800949
800950
800951
800952
800953
800954
800955
800956
800957
800958
800959
800960
800961
800962
800963
800964
800965
800966
800967
800968
800969
800970
800971
800972
800973
800974
800975
800976
800977
800978
800979
800980
800981
800982
800983
800984
800985
800986
800987
800988
800989
800990
800991
800992
800993
800994
800995
800996
800997
800998
800999
801000
801001
801002
801003
801004
801005
801006
801007
801008
801009
801010
801011
801012
801013
801014
801015
801016
801017
801018
801019
801020
801021
801022
801023
801024
801025
801026
801027
801028
801029
801030
801031
801032
801033
801034
801035
801036
801037
801038
801039
801040
801041
801042
801043
801044
801045
801047
801048
801049
801050
801051
801052
801053
801054
801055
801056
801057
801058
801059
801060
801061
801062
801063
801064
801065
801066
801067
801068
801069
801070
801071
801072
801073
801074
801075
801076
801077
801078
801079
801080
801081
801082
801083
801084
801085
801086
801087
801088
801089
801090
801091
801092
801093
801094
801095
801096
801097
801098
801099
801100
801101
801102
801103
801104
801105
801107
801108
801109
801110
801111
801112
801113
801114
801115
801116
801117
801118
801119
801120
801121
801122
801123
801124
801125
801126
801127
801128
801129
801130
801131
801132
801133
801134
801135
801136
801137
801138
801139
801140
801141
801142
801145
801147
801148
801149
801150
801151
801152
801153
801154
801155
801156
801157
801158
801159
801160
801161
801162
801164
801165
900000
900001
900002
900003
900004
900005
900006
900007
900008
900009
900010
900011
900012
900013
900014
900015
900016
900017
900018
900019
900020
900021
900022
900023
900024
900025
900026
900027
900028
900029
900030
900031
900032
900033
900034
900035
900036
900037
900038
900039
900040
900041
900042
900043
900044
900045
900046
900047
900048
900049
900050
900051
900052
900053
900054
900055
900056
900057
900058
900059
900060
900061
900062
900063
900064
900065
900066
900067
900068
900069
900070
900071
900072
900073
900074
900075
900076
900077
900078
900079
900080
900081
900082
900083
900084
900085
900086
900087
900088
900089
900090
900091
900092
900093
900094
900095
900096
900097
900098
900099
900100
900101
900102
900103
900104
900105
900106
900107
900108
900109
900110
900111
900112
900113
900114
900115
900116
900117
900118
900119
900120
900121
900122
900123
900124
900125
900126
900127
900128
900129
900130
900131
900132
900133
900134
900135
900136
900137
900138
900139
900140
900141
900142
900143
900144
900145
900146
900147
900148
900149
900150
900151
900152
900153
900154
900155
900156
900157
900158
900159
900160
900161
900162
900163
900164
900165
900166
900167
900168
900169
900170
900171
900172
900173
900174
900175
900176
900177
900178
900179
900180
900181
900182
900183
900184
900185
900186
900187
900188
900189
900190
900191
900192
900193
900194
900195
900196
900197
900198
900199
900200
900201
900202
900203
900204
900205
900206
900207
900208
900209
900210
900211
900212
900213
900214
900215
900216
900217
900218
900219
900220
900221
900222
900223
900224
900225
900226
900227
900228
900229
900230
900231
900232
900233
900234
900235
900236
900237
900238
900239
900240
900241
900242
900243
900244
900245
900246
900247
900248
900249
900250
900251
900252
900253
900254
900255
900256
900257
900258
900259
900260
900261
900262
900263
900264
900265
900266
900267
900268
900269
900270
900271
900272
900273
900274
900275
900276
900277
900278
900279
900280
900281
900282
900283
900284
900285
900286
900287
900288
900289
900290
900291
900292
900293
900294
900295
900296
900297
900298
900299
900300
900301
900302
900303
900304
900305
900306
900307
900308
900309
900310
900311
900312
900313
900314
900315
900316
900317
900318
900319
900320
900321
900322
900323
900324
900325
900326
900327
900328
900329
900330
900331
900332
900333
900334
900335
900336
900337
900338
900339
900340
900341
900342
900343
900344
900345
900346
900347
900348
900349
900350
900351
900352
900353
900354
900355
900356
900357
900358
900359
900360
900361
900362
900363
900364
900365
900366
900367
900368
900369
900370
900371
900372
900373
900374
900375
900376
900377
900378
900379
900380
900381
900382
900383
900384
900385
900386
900387
900388
900389
900390
900391
900392
900393
900394
900395
900396
900397
900398
900399
900400
900401
900402
900403
900404
900405
900406
900407
900408
900409
900410
900411
900412
900413
900414
900415
900416
900417
900418
900419
900420
900421
900422
900423
900424
900425
900426
900427
900428
900429
900430
900431
900432
900433
900434
900435
900436
900437
900438
900439
900440
900441
900442
900443
900444
900445
900446
900447
900448
900449
900450
900451
900452
900453
900454
900455
900456
900457
900458
900459
900460
900461
900462
900463
900464
900465
900466
900467
900468
900469
900470
900471
900472
900473
900474
900475
900476
900477
900478
900479
900480
900481
900482
900483
900484
900485
900486
900487
900488
900489
900490
900491
900492
900493
900494
900495
900496
900497
900498
900499
900500
900501
900502
900503
900504
900505
900506
900507
900508
900509
900510
900511
900512
900513
900514
900515
900516
900517
900518
900519
900520
900521
900522
900523
900524
900525
900526
900527
900528
900529
900530
900531
900532
900533
900534
900535
900536
900537
900538
900539
900540
900541
900542
900543
900544
900545
900546
900547
900548
900549
900550
900551
900552
900553
900554
900555
900556
900557
900558
900559
900560
900561
900562
900563
900564
900565
900566
900567
900568
900569
900570
900571
900572
900573
900574
900575
900576
900577
900578
900579
900580
900581
900582
900583
900584
900585
900586
900587
900588
900589
900590
900591
900592
900593
900594
900595
900596
900597
900598
900599
900600
900601
900602
900603
900604
900605
900606
900607
900608
900609
900610
900611
900612
900613
900614
900615
900616
900617
900618
900619
900620
900621
900622
900623
900624
900625
900626
900627
900628
900629
900630
900631
900632
900633
900634
900635
900636
900637
900638
900639
900640
900641
900642
900643
900644
900645
900646
900647
900648
900649
900650
900651
900652
900653
900654
900655
900656
900657
900658
900659
900660
900661
900662
900663
900664
900665
900666
900667
900668
900669
900670
900671
900672
900673
900674
900675
900676
900677
900678
900679
900680
900681
900682
900683
900684
900685
900686
900687
900688
900689
900690
900691
900692
900693
900694
900695
900696
900697
900698
900699
900700
900701
900702
900703
900704
900705
900706
900707
900708
900709
900710
900711
900712
900713
900714
900715
900716
900717
900718
900719
900720
900721
900722
900723
900724
900725
900726
900727
900728
900729
900730
900731
900732
900733
900734
900735
900736
900737
900738
900739
900740
900741
900742
900743
900744
900745
900746
900747
900748
900749
900750
900751
900752
900753
900754
900755
900756
900757
900758
900759
900760
900761
900762
900763
900764
900765
900766
900767
900768
900769
900770
900771
900772
900773
900774
900775
900776
900777
900778
900779
900780
900781
900782
900783
900784
900785
900786
900787
900788
900789
900790
900791
900792
900793
900794
900795
900796
900797
900798
900799
900800
900801
900802
900803
900804
900805
900806
900807
900808
900809
900810
900811
900812
900813
900814
900815
900816
900817
900818
900819
900820
900821
900822
900823
900824
900825
900826
900827
900828
900829
900830
900831
900832
900833
900834
900835
900836
900837
900838
900839
900840
900841
900842
900843
900844
900845
900846
900847
900848
900849
900850
900851
900852
900853
900854
900855
900856
900857
900858
900859
900860
900861
900862
900863
900864
900865
900866
900867
900868
900869
900870
900871
900872
900873
900874
900875
900876
900877
900878
900879
900880
900881
900882
900883
900884
900885
900886
900887
900888
900889
900890
900891
900892
900893
900894
900895
900896
900897
900898
900899
900900
900901
900902
900903
900904
900905
900906
900907
900908
900909
900910
900911
900912
900913
900914
900915
900916
900917
900918
900919
900920
900921
900922
900923
900924
900925
900926
900927
900928
900929
900930
900931
900932
900933
900934
900935
900936
900937
900938
900939
900940
900941
900942
900943
900944
900945
900946
900947
900949
900950
900951
900952
900953
900954
900955
900956
900957
900958
900959
900960
900961
900962
900963
900964
900965
900966
900967
900968
900969
900970
900971
900972
900973
900974
900975
900976
900977
900978
900979
900980
900981
900982
900983
900984
900985
900986
900987
900988
900989
900990
900991
900992
900993
900994
900995
900996
900997
900998
900999
901000
901001
901002
901003
901004
901005
901006
901007
901008
901009
901010
901011
901012
901013
901014
901015
901016
901017
901018
901019
901020
901021
901022
901023
901024
901025
901026
901027
901028
901029
901030
901031
901032
901033
901034
901035
901036
901037
901038
901039
901040
901041
901042
901043
901044
901045
901046
901047
901048
901049
901050
901051
901052
901053
901054
901055
901056
901057
901058
901059
901060
901061
901062
901063
901064
901065
901066
901067
901068
901069
901070
901071
901072
901073
901074
901075
901076
901077
901078
901079
901080
901081
901082
901083
901084
901085
901086
901087
901088
901089
901090
901091
901092
901093
901094
901095
901096
901097
901098
901099
901100
901101
901102
901103
901104
901105
901106
901107
901108
901109
901110
901111
901112
901113
901114
901115
901116
901117
901118
901119
901120
901121
901122
901123
901124
901125
901126
901127
901128
901129
901130
901131
901132
901133
901134
901135
901136
901137
901138
901139
901140
901141
901142
901143
901144
901145
901146
901147
901148
901149
901150
901151
901152
901153
901154
901155
901156
901157
901158
901159
901160
901161
901162
901163
901164
901165
901166
901167
901168
901169
901170
901171
901172
901173
901174
901176
901177
901178
901179
901180
901181
901182
901183
901184
901185
901186
901187
901188
901189
901190
901191
901192
901193
901194
901195
901196
901197
901198
901199
901200
901201
901202
901203
901204
901205
901206
901207
901208
901209
901210
901211
901212
901213
901214
901215
901216
901217
901218
901219
901220
901221
901222
901223
901224
901225
901226
901227
901228
901229
901230
901231
901232
901233
901234
901235
901236
901237
901238
901239
901240
901241
901242
901243
901244
901245
901246
901247
901248
901249
901250
901251
901252
901253
901254
901255
901256
901257
901258
901259
901260
901261
901262
901263
901264
901265
901266
901267
901268
901269
901270
901271
901272
901273
901274
901275
901276
901277
901278
901279
901280
901281
901282
901283
901284
901285
901286
901287
901288
901289
901290
901291
901292
901293
901294
901295
901296
901297
901298
901299
901300
901301
901302
901303
901304
901305
901306
901307
901308
901309
901310
901311
901312
901313
901314
901315
901316
901317
901318
901319
901320
901321
901322
901323
901324
901325
901326
901327
901328
901329
901330
901331
901332
901333
901334
901335
901336
901337
901338
901339
901340
901341
901342
901343
901344
901345
901346
901347
901348
901349
901350
901351
901352
901353
901354
901355
901356
901357
901358
901359
901360
901361
901362
901363
901364
901365
901366
901367
901368
EA
EAP
EB
EBP
EC
ECP
ED
EDP
EE
EEP
EF
EFP
EG
EGP
EH
EHP
EI
EIP
EJ
EJP
EK
EKP
EL
ELP
EM
EMP
EN
ENP
EO
EOP
EP
EPP
EV
EVP
MB
MBP
MC
MCP
MD
MDP
ME
MEP
MF
MFP
MI
MIP
